67
w 13 42 51 33 12 55 32 31 11 34 14 14 34 35 
f 4 45 12 15 23 
g 47 21 41 43 15 11 31 11 55 14 15 44 51 15 24 51 33 43 32 15 31 53 32 32 25 14 41 35 15 22 53 53 53 22 12 14 43 32 12 54 12 31 25 14 14 35 12 25 
w 25 33 43 33 25 13 12 13 43 45 41 14 43 41 12 53 22 51 13 53 42 52 32 41 54 33 
k 57 44 52 42 55 44 35 14 25 33 12 45 32 14 13 41 22 23 52 41 44 41 34 12 53 45 12 21 52 42 14 32 51 11 24 22 45 31 13 25 35 23 33 53 11 41 43 41 34 12 44 32 15 21 54 24 55 33 
e 52 54 35 43 32 35 21 35 11 31 25 33 52 14 14 35 34 35 44 41 24 24 45 51 53 21 21 13 21 35 11 43 43 42 13 45 11 31 54 11 14 34 23 15 14 41 14 14 44 34 11 33 32 
k 31 11 43 12 22 14 21 22 44 34 31 22 15 41 42 24 54 44 21 25 32 31 32 43 51 12 12 52 34 42 55 51 
b 14 44 52 34 45 13 15 51 22 43 34 13 44 43 55 
a 96 44 55 52 15 23 42 45 41 13 54 32 31 21 53 54 55 41 11 33 21 11 44 53 11 25 11 33 14 52 41 25 51 52 34 54 45 43 51 21 15 23 55 52 54 55 41 45 14 15 22 43 14 23 43 34 41 13 22 12 25 15 55 13 54 23 55 53 41 52 52 33 25 51 22 25 14 51 52 51 51 45 33 23 41 13 43 12 52 23 45 21 13 32 52 34 53 
x 76 53 45 54 53 45 23 35 23 23 12 13 52 52 24 42 21 15 51 54 55 51 45 35 44 34 55 24 13 34 13 54 31 35 34 52 45 52 12 44 53 51 21 44 33 25 14 35 12 13 51 45 23 42 42 25 41 52 11 25 35 15 33 53 15 23 21 23 55 11 33 51 55 43 25 24 55 
m 71 45 25 13 23 55 22 53 24 23 51 43 35 52 44 14 24 55 55 51 44 11 52 53 51 11 14 11 45 24 54 21 41 14 22 41 21 34 22 14 21 44 24 42 52 54 53 54 52 21 52 31 35 44 15 44 23 33 31 13 35 34 44 23 25 11 25 24 55 42 43 13 
i 82 21 33 32 23 13 14 53 12 52 21 21 12 41 14 52 12 31 42 42 41 42 51 15 25 33 11 53 24 55 45 12 15 41 42 24 53 21 52 21 24 14 12 12 25 11 44 21 52 15 35 44 45 43 25 35 55 35 25 23 14 32 41 21 25 52 45 52 51 43 53 45 31 41 22 32 33 33 52 34 15 21 43 
i 57 32 23 15 45 24 53 33 25 21 41 22 14 32 11 54 12 22 13 21 25 54 32 31 34 13 15 42 53 51 44 44 33 53 23 15 35 32 35 22 52 41 35 43 23 35 23 51 52 31 43 33 45 43 52 44 43 13 
m 58 55 44 22 21 23 21 13 13 51 41 45 22 12 11 54 24 15 32 11 44 51 45 34 44 53 45 21 32 24 51 41 21 21 24 33 22 32 42 34 24 11 35 35 31 54 44 15 42 23 54 53 54 55 22 43 51 52 22 
b 1 53 
x 57 11 41 45 51 51 31 44 15 24 51 14 43 32 42 15 13 54 31 55 14 53 44 41 55 11 12 51 14 44 24 34 15 21 53 52 11 41 14 21 42 11 52 15 22 55 25 35 14 25 31 13 31 14 24 45 21 52 
d 46 31 53 32 25 32 14 33 45 33 23 13 31 24 23 53 25 51 22 45 21 12 45 14 43 22 22 54 33 31 14 34 32 41 15 52 52 54 15 41 35 31 44 53 14 33 22 
n 11 52 25 34 32 52 23 23 31 22 12 52 
k 27 53 22 15 51 11 55 43 11 15 34 22 15 42 25 52 25 24 32 52 42 41 15 31 55 52 43 54 
n 72 21 52 21 35 15 22 32 31 23 51 11 12 44 54 42 31 22 45 51 55 23 44 41 41 41 14 13 55 34 32 22 43 44 53 11 42 32 53 35 51 23 13 55 43 13 12 44 22 21 12 35 52 11 45 51 24 32 34 21 14 51 55 13 42 54 52 34 31 44 51 42 13 
z 22 11 54 44 41 32 31 53 55 14 54 11 41 34 43 13 53 14 11 42 13 31 42 
t 69 35 55 51 23 34 11 33 34 35 45 12 31 45 34 42 53 25 21 25 14 33 42 33 52 35 15 14 52 55 55 12 34 11 24 12 25 12 45 13 15 32 45 21 11 53 32 45 11 22 44 52 42 32 23 12 55 53 21 34 44 11 11 21 33 43 25 42 13 52 
b 74 12 25 43 14 14 24 12 12 41 42 32 14 32 12 53 45 45 25 42 31 24 44 32 51 25 34 45 21 13 53 25 41 15 54 32 41 25 44 15 22 54 23 34 51 31 54 55 15 52 34 54 52 35 25 53 31 34 53 44 51 51 21 54 14 15 55 31 12 55 11 43 34 42 12 
s 31 54 21 41 41 24 11 43 11 22 24 51 42 42 41 33 22 13 44 33 21 32 13 13 42 52 14 24 22 25 24 45 
e 83 21 52 51 23 25 54 25 13 43 35 32 44 35 42 21 53 21 11 13 54 42 32 35 21 21 11 21 45 24 13 55 13 13 53 52 45 31 25 53 13 53 32 33 14 11 42 24 14 33 43 42 43 22 23 14 51 14 25 12 13 44 25 44 11 14 51 54 33 55 51 31 11 44 51 55 55 31 13 21 42 13 35 35 
q 52 13 51 52 15 52 21 42 53 45 15 34 43 31 51 23 55 34 22 54 44 55 45 35 32 45 33 31 12 35 42 43 11 32 52 23 21 42 12 15 52 42 43 54 12 55 34 25 15 35 34 45 23 
u 63 12 35 51 13 55 45 43 41 33 31 25 51 41 55 33 35 12 45 21 23 32 21 23 31 55 13 53 35 35 42 23 14 44 32 11 13 32 34 41 45 22 21 42 21 12 44 44 24 41 24 32 45 41 54 31 15 42 22 54 45 52 31 21 
y 4 31 51 43 54 
k 96 35 45 42 33 53 13 22 12 22 43 32 54 23 23 24 11 31 54 42 13 13 25 12 35 31 25 41 15 54 51 22 11 32 41 11 11 52 51 42 53 33 53 55 54 34 54 22 44 45 21 52 15 31 23 23 11 55 44 43 21 33 14 24 52 51 22 42 31 24 11 11 32 53 53 23 51 35 54 51 55 11 11 43 33 33 35 32 12 52 11 15 23 13 11 32 55 
b 76 53 12 53 54 24 52 31 53 45 55 35 45 23 23 22 43 44 15 32 54 12 23 21 25 13 15 54 41 32 11 11 31 21 14 22 54 31 35 42 11 42 25 25 35 43 24 32 44 21 55 34 45 11 11 22 13 52 23 41 24 31 43 22 33 52 24 22 53 31 51 43 53 14 54 44 44 
m 76 32 12 45 12 52 44 13 41 54 32 33 55 45 54 55 12 11 11 21 21 22 45 15 51 34 21 33 53 44 24 54 25 12 52 23 41 54 52 51 23 15 53 21 31 14 15 24 14 15 54 45 45 55 25 55 45 55 53 52 52 25 15 41 31 24 15 32 24 13 33 21 43 53 11 12 22 
p 31 12 45 42 34 22 55 13 23 55 13 55 15 31 34 51 32 21 22 34 11 12 21 43 53 45 33 23 44 52 41 21 
x 70 44 43 41 54 31 13 51 15 23 53 25 33 34 42 43 24 12 34 32 55 42 43 24 31 34 51 35 41 34 21 15 23 14 33 32 41 43 42 33 43 14 35 33 52 31 43 55 21 15 53 34 33 33 25 25 24 52 44 13 54 44 35 35 53 45 23 55 12 22 11 
z 89 43 32 33 53 15 14 45 51 55 21 23 24 41 21 15 24 44 31 22 54 35 43 23 33 21 51 32 43 43 44 25 45 11 22 42 21 31 41 53 34 15 43 34 11 11 14 24 52 22 55 52 32 43 53 22 12 31 25 54 22 42 15 32 41 55 54 34 31 12 15 51 13 44 43 21 15 43 23 52 34 15 54 32 11 31 52 42 42 13 
q 21 51 45 12 32 35 23 11 34 24 44 15 14 11 53 55 54 35 43 13 13 42 
l 39 35 34 53 55 45 11 55 42 25 51 45 54 45 33 14 23 51 41 53 13 43 35 41 15 21 25 21 31 52 53 11 22 35 32 43 12 25 25 12 
m 93 43 43 43 53 54 22 14 33 35 12 43 35 21 54 31 33 31 53 34 34 24 54 23 35 43 33 52 22 33 52 52 43 41 24 44 23 34 34 31 51 32 55 44 31 12 41 12 51 41 43 53 24 11 25 12 54 32 53 52 55 53 25 23 15 41 45 32 33 31 23 24 32 52 44 54 55 34 14 13 44 44 51 14 13 54 21 45 23 33 33 35 25 34 
q 92 24 42 23 42 44 13 53 53 24 11 15 33 41 43 22 13 51 14 54 53 33 24 52 13 53 32 33 13 34 31 33 34 35 22 42 23 13 15 41 25 41 33 35 23 14 33 33 12 23 15 12 41 44 25 55 15 51 23 55 25 41 41 32 52 45 11 15 31 54 21 53 54 33 34 34 13 54 54 54 55 33 23 44 13 42 43 45 43 31 22 22 43 
o 84 34 43 31 22 15 23 43 44 25 45 23 35 14 34 35 35 53 44 42 51 32 32 43 25 22 21 14 51 43 43 44 25 33 33 43 32 12 51 51 23 53 35 13 11 21 32 12 14 43 14 24 22 23 43 11 15 33 41 51 13 21 42 21 52 41 22 14 14 14 21 42 24 41 41 11 34 14 14 42 54 44 11 21 54 
f 15 25 43 32 53 43 32 11 23 15 53 45 14 14 15 21 
n 27 55 32 32 12 41 52 31 43 25 55 55 55 35 42 12 12 13 13 21 15 15 33 22 34 12 55 45 
y 72 14 43 55 55 42 55 22 25 24 25 24 53 35 41 13 51 34 43 55 43 15 54 21 35 12 43 24 24 55 15 41 52 15 15 11 43 13 24 54 33 23 24 33 42 42 13 23 44 44 55 13 21 33 14 43 15 32 55 14 25 54 23 32 12 22 32 44 51 45 54 52 52 
z 34 11 54 24 55 32 35 34 12 34 12 21 33 12 15 31 11 45 42 53 22 54 14 53 14 43 52 54 45 14 15 24 52 34 33 
a 15 14 24 31 15 44 45 53 55 45 11 22 41 34 12 34 
b 57 24 11 14 21 42 51 41 54 32 24 52 44 52 12 23 25 32 13 24 31 14 11 42 21 43 43 15 41 14 44 35 35 45 25 41 51 42 14 44 54 35 34 11 13 44 11 44 24 33 33 35 33 14 21 43 42 24 
b 32 45 55 33 23 14 33 31 13 53 52 33 34 53 52 14 12 52 14 42 44 21 45 14 22 33 13 15 35 22 35 23 31 
d 7 45 12 43 32 45 22 41 
b 18 54 32 11 53 21 34 14 35 34 33 32 13 44 42 24 21 31 55 
p 98 45 51 35 43 14 11 15 24 45 22 33 54 14 15 34 52 34 42 15 43 31 35 22 35 35 31 43 14 32 33 55 14 34 25 51 52 34 42 53 13 21 33 55 12 14 42 51 22 54 41 13 33 13 43 52 54 24 11 31 41 13 25 34 44 24 52 34 15 32 22 33 21 12 11 54 12 34 23 42 32 54 52 41 31 25 51 21 15 53 54 32 51 23 51 12 25 32 31 
a 45 42 23 45 34 44 35 25 14 23 33 54 21 54 45 12 24 53 13 41 33 45 23 25 35 45 33 54 52 44 34 24 32 33 11 34 54 34 11 55 13 13 21 31 41 11 
j 39 11 35 13 25 12 54 25 11 11 52 51 24 32 41 25 54 22 52 41 45 43 55 52 25 31 14 34 33 53 33 44 31 52 45 34 13 22 33 41 
b 22 25 31 55 32 55 43 54 51 54 14 23 45 53 25 31 21 51 24 14 52 11 15 
x 55 12 43 12 24 21 33 25 55 14 12 53 24 42 14 41 41 34 55 11 54 42 35 13 23 32 42 13 31 13 14 42 13 55 22 31 21 45 24 43 21 12 31 45 15 42 54 31 14 22 34 44 12 53 33 21 
r 17 43 55 43 14 15 35 23 31 22 42 15 12 45 55 55 25 44 
i 13 14 21 11 52 14 22 13 51 45 22 43 35 42 
f 18 55 45 43 24 31 23 41 14 51 13 25 13 23 23 15 15 55 15 
q 61 54 23 43 34 32 44 11 31 31 11 31 14 32 33 11 22 13 44 22 35 51 31 32 12 23 35 15 53 14 51 41 24 12 34 32 33 22 32 55 32 55 35 14 21 23 32 11 53 34 15 51 44 43 24 54 24 14 31 41 45 31 
j 94 22 21 33 24 51 23 53 14 42 44 21 15 34 11 51 23 54 52 31 52 34 43 32 31 32 42 45 12 54 44 45 33 32 12 51 32 14 13 21 41 24 22 55 35 31 53 33 32 13 45 53 45 31 34 13 54 13 31 45 51 31 45 33 31 51 52 45 33 15 23 43 45 21 21 53 14 31 53 33 35 34 33 45 34 24 35 31 14 12 43 12 31 23 32 
e 74 34 35 23 14 32 41 23 34 34 32 33 55 51 22 43 33 23 45 55 53 13 54 22 54 22 21 11 11 24 42 22 23 15 42 13 42 25 23 23 15 43 12 33 21 12 52 51 15 24 23 12 14 24 15 24 12 11 35 31 31 32 42 45 42 55 43 14 14 34 51 21 24 35 33 
v 71 34 51 15 21 22 55 12 13 35 12 52 23 22 22 44 31 23 14 23 43 15 53 22 54 13 52 14 43 23 45 13 54 52 54 13 33 34 51 52 42 15 51 51 51 35 25 33 34 52 22 22 51 51 12 41 54 55 22 53 44 31 32 32 54 14 12 25 23 52 41 44 
u 67 52 14 52 44 21 51 21 52 15 54 11 22 42 22 53 24 44 45 52 31 44 43 23 44 41 31 31 22 21 52 31 23 53 31 42 23 32 54 45 44 23 45 32 15 22 31 31 44 33 44 42 11 32 13 35 15 21 45 31 11 25 21 52 15 42 32 35 
b 22 35 52 43 13 51 44 11 55 53 51 43 54 44 51 51 52 12 11 11 35 41 41 
g 24 52 42 34 44 24 53 14 41 34 23 42 54 33 41 12 25 35 32 33 11 15 42 52 42 
d 14 12 33 55 21 32 24 41 11 33 13 13 44 13 24 
o 22 54 42 11 43 11 42 12 21 51 12 31 43 45 15 54 45 42 35 21 44 14 52 
k 8 22 44 34 43 14 23 34 33 
n 86 55 13 11 23 43 41 33 42 13 22 12 54 25 24 21 53 12 33 24 53 31 51 54 42 12 33 53 21 25 25 11 33 55 23 53 22 32 44 54 12 53 55 23 25 23 54 14 32 34 44 21 51 41 53 12 11 12 23 43 43 35 35 31 15 41 55 35 31 22 52 51 45 25 43 53 24 24 35 43 15 51 13 23 35 13 15 